function [ M ] = Cold( )
M = [0     0     0
0     0     0.027344
0     0     0.027344
0     0     0.058594
0     0     0.058594
0     0     0.089844
0     0     0.089844
0     0     0.12109
0     0     0.15234
0     0     0.15234
0     0     0.18359
0     0     0.18359
0     0     0.21484
0     0     0.21484
0     0     0.24609
0     0     0.24609
0     0     0.27734
0     0     0.30859
0     0     0.30859
0     0     0.33984
0     0     0.33984
0     0     0.37109
0     0     0.37109
0     0     0.40234
0     0     0.40234
0     0     0.43359
0     0     0.46484
0     0     0.46484
0     0     0.49609
0     0     0.49609
0     0     0.52734
0     0     0.52734
0     0     0.55859
0     0     0.58984
0     0     0.58984
0     0     0.62109
0     0     0.62109
0     0     0.65234
0     0     0.65234
0     0     0.68359
0     0     0.68359
0     0     0.71484
0     0     0.74609
0     0     0.74609
0     0     0.77734
0     0     0.77734
0     0     0.80859
0     0     0.80859
0     0     0.83984
0     0     0.83984
0     0     0.87109
0     0     0.90234
0     0     0.90234
0     0     0.93359
0     0     0.93359
0     0     0.96484
0     0     0.96484
0     0     0.99609
0     0     0.99609
0     0.03125     0.96484
0     0.0625     0.93359
0     0.0625     0.93359
0     0.09375     0.90234
0     0.09375     0.90234
0     0.125     0.87109
0     0.125     0.87109
0     0.15625     0.83984
0     0.15625     0.83984
0     0.1875     0.80859
0     0.21875     0.77734
0     0.21875     0.77734
0     0.25     0.74609
0     0.25     0.74609
0     0.28125     0.71484
0     0.28125     0.71484
0     0.3125     0.68359
0     0.34375     0.65234
0     0.34375     0.65234
0     0.375     0.62109
0     0.375     0.62109
0     0.40625     0.58984
0     0.40625     0.58984
0     0.4375     0.55859
0     0.4375     0.55859
0     0.46875     0.52734
0     0.5     0.49609
0     0.5     0.49609
0     0.53125     0.46484
0     0.53125     0.46484
0     0.5625     0.43359
0     0.5625     0.43359
0     0.59375     0.40234
0     0.625     0.37109
0     0.625     0.37109
0     0.65625     0.33984
0     0.65625     0.33984
0     0.6875     0.30859
0     0.6875     0.30859
0     0.71875     0.27734
0     0.71875     0.27734
0     0.75     0.24609
0     0.78125     0.21484
0     0.78125     0.21484
0     0.8125     0.18359
0     0.8125     0.18359
0     0.84375     0.15234
0     0.84375     0.15234
0     0.875     0.12109
0     0.90625     0.089844
0     0.90625     0.089844
0     0.9375     0.058594
0     0.9375     0.058594
0     0.96875     0.027344
0     0.96875     0.027344
0     0.99609     0
0     0.99609     0
0.027344     0.99609     0
0.058594     0.99609     0
0.058594     0.99609     0
0.089844     0.99609     0
0.089844     0.99609     0
0.12109     0.99609     0
0.12109     0.99609     0
0.15234     0.99609     0
0.18359     0.99609     0
0.18359     0.99609     0
0.21484     0.99609     0
0.21484     0.99609     0
0.24609     0.99609     0
0.24609     0.99609     0
0.27734     0.99609     0
0.30859     0.99609     0
0.30859     0.99609     0
0.33984     0.99609     0
0.33984     0.99609     0
0.37109     0.99609     0
0.37109     0.99609     0
0.40234     0.99609     0
0.40234     0.99609     0
0.43359     0.99609     0
0.46484     0.99609     0
0.46484     0.99609     0
0.49609     0.99609     0
0.49609     0.99609     0
0.52734     0.99609     0
0.52734     0.99609     0
0.55859     0.99609     0
0.58984     0.99609     0
0.58984     0.99609     0
0.62109     0.99609     0
0.62109     0.99609     0
0.65234     0.99609     0
0.65234     0.99609     0
0.68359     0.99609     0
0.68359     0.99609     0
0.71484     0.99609     0
0.74609     0.99609     0
0.74609     0.99609     0
0.77734     0.99609     0
0.77734     0.99609     0
0.80859     0.99609     0
0.80859     0.99609     0
0.83984     0.99609     0
0.87109     0.99609     0
0.87109     0.99609     0
0.90234     0.99609     0
0.90234     0.99609     0
0.93359     0.99609     0
0.93359     0.99609     0
0.96484     0.99609     0
0.96484     0.99609     0
0.99609     0.99609     0
0.99609     0.98828     0
0.99609     0.98828     0
0.99609     0.97266     0
0.99609     0.97266     0
0.99609     0.95703     0
0.99609     0.95703     0
0.99609     0.94141     0
0.99609     0.92578     0
0.99609     0.92578     0
0.99609     0.91016     0
0.99609     0.91016     0
0.99609     0.89453     0
0.99609     0.89453     0
0.99609     0.87891     0
0.99609     0.86328     0
0.99609     0.86328     0
0.99609     0.84766     0
0.99609     0.84766     0
0.99609     0.83203     0
0.99609     0.83203     0
0.99609     0.81641     0
0.99609     0.81641     0
0.99609     0.80078     0
0.99609     0.78516     0
0.99609     0.78516     0
0.99609     0.76953     0
0.99609     0.76953     0
0.99609     0.75391     0
0.99609     0.75391     0
0.99609     0.75     0
0.99609     0.72656     0
0.99609     0.72656     0
0.99609     0.70312     0
0.99609     0.70312     0
0.99609     0.67969     0
0.99609     0.67969     0
0.99609     0.65625     0
0.99609     0.65625     0
0.99609     0.63281     0
0.99609     0.60938     0
0.99609     0.60938     0
0.99609     0.58594     0
0.99609     0.58594     0
0.99609     0.5625     0
0.99609     0.5625     0
0.99609     0.53906     0
0.99609     0.51562     0
0.99609     0.51562     0
0.99609     0.49219     0
0.99609     0.49219     0
0.99609     0.46875     0
0.99609     0.46875     0
0.99609     0.44531     0
0.99609     0.44531     0
0.99609     0.42188     0
0.99609     0.39844     0
0.99609     0.39844     0
0.99609     0.375     0
0.99609     0.375     0
0.99609     0.35156     0
0.99609     0.35156     0
0.99609     0.32812     0
0.99609     0.30469     0
0.99609     0.30469     0
0.99609     0.28125     0
0.99609     0.28125     0
0.99609     0.25781     0
0.99609     0.25781     0
0.99609     0.23438     0
0.99609     0.23438     0
0.99609     0.21094     0
0.99609     0.1875     0
0.99609     0.1875     0
0.99609     0.16406     0
0.99609     0.16406     0
0.99609     0.14062     0
0.99609     0.14062     0
0.99609     0.11719     0
0.99609     0.09375     0
0.99609     0.09375     0
0.99609     0.070312     0
0.99609     0.070312     0
0.99609     0.046875     0
0.99609     0.023438     0];

end

