function [ M ] = Rainbow( )
%UNTITLED2 Summary of this function goes here
%   Detailed explanation goes here
M = [0     0     0
0.0078125     0     0.015625
0.015625     0     0.03125
0.023438     0     0.046875
0.03125     0     0.0625
0.039062     0     0.078125
0.046875     0     0.09375
0.054688     0     0.10938
0.0625     0     0.125
0.070312     0     0.14062
0.078125     0     0.15625
0.085938     0     0.17188
0.09375     0     0.1875
0.10156     0     0.20312
0.10938     0     0.21875
0.11719     0     0.23438
0.125     0     0.25
0.13281     0     0.26562
0.14062     0     0.28125
0.14844     0     0.29688
0.15625     0     0.3125
0.16406     0     0.32812
0.17188     0     0.34375
0.17969     0     0.35938
0.1875     0     0.375
0.19531     0     0.39062
0.20312     0     0.40625
0.21094     0     0.42188
0.21875     0     0.4375
0.22656     0     0.45312
0.23438     0     0.46875
0.24219     0     0.48438
0.25     0     0.5
0.24219     0     0.51562
0.23438     0     0.53125
0.22656     0     0.54688
0.21875     0     0.5625
0.21094     0     0.57812
0.20312     0     0.59375
0.19531     0     0.60938
0.1875     0     0.625
0.17969     0     0.64062
0.17188     0     0.65625
0.16406     0     0.67188
0.15625     0     0.6875
0.14844     0     0.70312
0.14062     0     0.71875
0.13281     0     0.73438
0.125     0     0.75
0.11719     0     0.76562
0.10938     0     0.78125
0.10156     0     0.79688
0.09375     0     0.8125
0.085938     0     0.82812
0.078125     0     0.84375
0.070312     0     0.85938
0.0625     0     0.875
0.054688     0     0.89062
0.046875     0     0.90625
0.039062     0     0.92188
0.03125     0     0.9375
0.023438     0     0.95312
0.015625     0     0.96875
0.0078125     0     0.98438
0     0     0.99609
0     0.03125     0.96484
0     0.0625     0.93359
0     0.09375     0.90234
0     0.125     0.87109
0     0.15625     0.83984
0     0.1875     0.80859
0     0.21875     0.77734
0     0.25     0.74609
0     0.28125     0.71484
0     0.3125     0.68359
0     0.34375     0.65234
0     0.375     0.62109
0     0.40625     0.58984
0     0.4375     0.55859
0     0.46875     0.52734
0     0.5     0.49609
0     0.53125     0.46484
0     0.5625     0.43359
0     0.59375     0.40234
0     0.625     0.37109
0     0.65625     0.33984
0     0.6875     0.30859
0     0.71875     0.27734
0     0.75     0.24609
0     0.78125     0.21484
0     0.8125     0.18359
0     0.84375     0.15234
0     0.875     0.12109
0     0.90625     0.089844
0     0.9375     0.058594
0     0.96875     0.027344
0     0.99609     0
0.015625     0.99609     0
0.03125     0.99609     0
0.046875     0.99609     0
0.0625     0.99609     0
0.078125     0.99609     0
0.09375     0.99609     0
0.10938     0.99609     0
0.125     0.99609     0
0.14062     0.99609     0
0.15625     0.99609     0
0.17188     0.99609     0
0.1875     0.99609     0
0.20312     0.99609     0
0.21875     0.99609     0
0.23438     0.99609     0
0.25     0.99609     0
0.26562     0.99609     0
0.28125     0.99609     0
0.29688     0.99609     0
0.3125     0.99609     0
0.32812     0.99609     0
0.34375     0.99609     0
0.35938     0.99609     0
0.375     0.99609     0
0.39062     0.99609     0
0.40625     0.99609     0
0.42188     0.99609     0
0.4375     0.99609     0
0.45312     0.99609     0
0.46875     0.99609     0
0.48438     0.99609     0
0.5     0.99609     0
0.51562     0.99609     0
0.53125     0.99609     0
0.54688     0.99609     0
0.5625     0.99609     0
0.57812     0.99609     0
0.59375     0.99609     0
0.60938     0.99609     0
0.625     0.99609     0
0.64062     0.99609     0
0.65625     0.99609     0
0.67188     0.99609     0
0.6875     0.99609     0
0.70312     0.99609     0
0.71875     0.99609     0
0.73438     0.99609     0
0.75     0.99609     0
0.76562     0.99609     0
0.78125     0.99609     0
0.79688     0.99609     0
0.8125     0.99609     0
0.82812     0.99609     0
0.84375     0.99609     0
0.85938     0.99609     0
0.875     0.99609     0
0.89062     0.99609     0
0.90625     0.99609     0
0.92188     0.99609     0
0.9375     0.99609     0
0.95312     0.99609     0
0.96875     0.99609     0
0.98438     0.99609     0
0.99609     0.99609     0
0.99609     0.98828     0
0.99609     0.98047     0
0.99609     0.97266     0
0.99609     0.96484     0
0.99609     0.95703     0
0.99609     0.94922     0
0.99609     0.94141     0
0.99609     0.93359     0
0.99609     0.92578     0
0.99609     0.91797     0
0.99609     0.91016     0
0.99609     0.90234     0
0.99609     0.89453     0
0.99609     0.88672     0
0.99609     0.87891     0
0.99609     0.87109     0
0.99609     0.86328     0
0.99609     0.85547     0
0.99609     0.84766     0
0.99609     0.83984     0
0.99609     0.83203     0
0.99609     0.82422     0
0.99609     0.81641     0
0.99609     0.80859     0
0.99609     0.80078     0
0.99609     0.79297     0
0.99609     0.78516     0
0.99609     0.77734     0
0.99609     0.76953     0
0.99609     0.76172     0
0.99609     0.75391     0
0.99609     0.75     0
0.99609     0.73828     0
0.99609     0.72656     0
0.99609     0.71484     0
0.99609     0.70312     0
0.99609     0.69141     0
0.99609     0.67969     0
0.99609     0.66797     0
0.99609     0.65625     0
0.99609     0.64453     0
0.99609     0.63281     0
0.99609     0.62109     0
0.99609     0.60938     0
0.99609     0.59766     0
0.99609     0.58594     0
0.99609     0.57422     0
0.99609     0.5625     0
0.99609     0.55078     0
0.99609     0.53906     0
0.99609     0.52734     0
0.99609     0.51562     0
0.99609     0.50391     0
0.99609     0.49219     0
0.99609     0.48047     0
0.99609     0.46875     0
0.99609     0.45703     0
0.99609     0.44531     0
0.99609     0.43359     0
0.99609     0.42188     0
0.99609     0.41016     0
0.99609     0.39844     0
0.99609     0.38672     0
0.99609     0.375     0
0.99609     0.36328     0
0.99609     0.35156     0
0.99609     0.33984     0
0.99609     0.32812     0
0.99609     0.31641     0
0.99609     0.30469     0
0.99609     0.29297     0
0.99609     0.28125     0
0.99609     0.26953     0
0.99609     0.25781     0
0.99609     0.24609     0
0.99609     0.23438     0
0.99609     0.22266     0
0.99609     0.21094     0
0.99609     0.19922     0
0.99609     0.1875     0
0.99609     0.17578     0
0.99609     0.16406     0
0.99609     0.15234     0
0.99609     0.14062     0
0.99609     0.12891     0
0.99609     0.11719     0
0.99609     0.10547     0
0.99609     0.09375     0
0.99609     0.082031     0
0.99609     0.070312     0
0.99609     0.058594     0
0.99609     0.046875     0
0.99609     0.035156     0
0.99609     0.023438     0
0.99609     0.011719     0];

end

