function [ M ] = UCLA( )
%UNTITLED2 Summary of this function goes here
%   Detailed explanation goes here
M = [0     0     0
0     0     0
0     0     0
0     0     0
0     0     0
0     0     0
0     0     0
0     0     0
0     0     0
0     0     0
0     0     0
0     0     0
0.33203     0     0.39844
0.33203     0     0.39844
0.33203     0     0.39844
0.33203     0     0.39844
0.46484     0     0.53125
0.46484     0     0.53125
0.46484     0     0.53125
0.46484     0     0.53125
0.46484     0     0.53125
0.46484     0     0.53125
0.46484     0     0.53125
0.46484     0     0.53125
0.53125     0     0.53125
0.53125     0     0.53125
0.53125     0     0.53125
0.53125     0     0.53125
0.53125     0     0.59766
0.53125     0     0.59766
0.53125     0     0.59766
0.53125     0     0.59766
0.53125     0     0.59766
0.53125     0     0.59766
0.53125     0     0.59766
0.53125     0     0.59766
0.39844     0     0.59766
0.39844     0     0.59766
0.39844     0     0.59766
0.39844     0     0.59766
0.26562     0     0.59766
0.26562     0     0.59766
0.26562     0     0.59766
0.26562     0     0.59766
0.26562     0     0.59766
0.26562     0     0.59766
0.26562     0     0.59766
0.26562     0     0.59766
0     0     0.66406
0     0     0.66406
0     0     0.66406
0     0     0.66406
0     0     0.73047
0     0     0.73047
0     0     0.73047
0     0     0.73047
0     0     0.79688
0     0     0.79688
0     0     0.79688
0     0     0.79688
0     0     0.79688
0     0     0.79688
0     0     0.79688
0     0     0.79688
0     0     0.86328
0     0     0.86328
0     0     0.86328
0     0     0.86328
0     0.19922     0.86328
0     0.19922     0.86328
0     0.19922     0.86328
0     0.19922     0.86328
0     0.19922     0.86328
0     0.19922     0.86328
0     0.19922     0.86328
0     0.19922     0.86328
0     0.33203     0.86328
0     0.33203     0.86328
0     0.33203     0.86328
0     0.33203     0.86328
0     0.46484     0.86328
0     0.46484     0.86328
0     0.46484     0.86328
0     0.46484     0.86328
0     0.46484     0.86328
0     0.46484     0.86328
0     0.46484     0.86328
0     0.46484     0.86328
0     0.53125     0.86328
0     0.53125     0.86328
0     0.53125     0.86328
0     0.53125     0.86328
0     0.59766     0.86328
0     0.59766     0.86328
0     0.59766     0.86328
0     0.59766     0.86328
0     0.59766     0.73047
0     0.59766     0.73047
0     0.59766     0.73047
0     0.59766     0.73047
0     0.59766     0.73047
0     0.59766     0.73047
0     0.59766     0.73047
0     0.59766     0.73047
0     0.66406     0.66406
0     0.66406     0.66406
0     0.66406     0.66406
0     0.66406     0.66406
0     0.66406     0.59766
0     0.66406     0.59766
0     0.66406     0.59766
0     0.66406     0.59766
0     0.66406     0.59766
0     0.66406     0.59766
0     0.66406     0.59766
0     0.66406     0.59766
0     0.66406     0.53125
0     0.66406     0.53125
0     0.66406     0.53125
0     0.66406     0.53125
0     0.66406     0.46484
0     0.66406     0.46484
0     0.66406     0.46484
0     0.66406     0.46484
0     0.66406     0.46484
0     0.66406     0.46484
0     0.66406     0.46484
0     0.66406     0.46484
0     0.66406     0.33203
0     0.66406     0.33203
0     0.66406     0.33203
0     0.66406     0.33203
0     0.66406     0.27734
0     0.66406     0.27734
0     0.66406     0.27734
0     0.66406     0.27734
0     0.72266     0
0     0.72266     0
0     0.72266     0
0     0.72266     0
0     0.72266     0
0     0.72266     0
0     0.72266     0
0     0.72266     0
0     0.79688     0
0     0.79688     0
0     0.79688     0
0     0.79688     0
0     0.86328     0
0     0.86328     0
0     0.86328     0
0     0.86328     0
0     0.86328     0
0     0.86328     0
0     0.86328     0
0     0.86328     0
0     0.92969     0
0     0.92969     0
0     0.92969     0
0     0.92969     0
0     0.99609     0
0     0.99609     0
0     0.99609     0
0     0.99609     0
0     0.99609     0
0     0.99609     0
0     0.99609     0
0     0.99609     0
0.39844     0.99609     0
0.39844     0.99609     0
0.39844     0.99609     0
0.39844     0.99609     0
0.73047     0.99609     0
0.73047     0.99609     0
0.73047     0.99609     0
0.73047     0.99609     0
0.79688     0.92969     0
0.79688     0.92969     0
0.79688     0.92969     0
0.79688     0.92969     0
0.79688     0.92969     0
0.79688     0.92969     0
0.79688     0.92969     0
0.79688     0.92969     0
0.92969     0.86328     0
0.92969     0.86328     0
0.92969     0.86328     0
0.92969     0.86328     0
0.92969     0.79688     0
0.92969     0.79688     0
0.92969     0.79688     0
0.92969     0.79688     0
0.92969     0.79688     0
0.92969     0.79688     0
0.92969     0.79688     0
0.92969     0.79688     0
0.99609     0.73047     0
0.99609     0.73047     0
0.99609     0.73047     0
0.99609     0.73047     0
0.99609     0.66406     0
0.99609     0.66406     0
0.99609     0.66406     0
0.99609     0.66406     0
0.99609     0.66406     0
0.99609     0.66406     0
0.99609     0.66406     0
0.99609     0.66406     0
0.99609     0.59766     0
0.99609     0.59766     0
0.99609     0.59766     0
0.99609     0.59766     0
0.99609     0.46484     0
0.99609     0.46484     0
0.99609     0.46484     0
0.99609     0.46484     0
0.99609     0.33203     0
0.99609     0.33203     0
0.99609     0.33203     0
0.99609     0.33203     0
0.99609     0.33203     0
0.99609     0.33203     0
0.99609     0.33203     0
0.99609     0.33203     0
0.99609     0.19922     0
0.99609     0.19922     0
0.99609     0.19922     0
0.99609     0.19922     0
0.99609     0     0
0.99609     0     0
0.99609     0     0
0.99609     0     0
0.99609     0     0
0.99609     0     0
0.99609     0     0
0.99609     0     0
0.92969     0     0
0.92969     0     0
0.92969     0     0
0.92969     0     0
0.86328     0     0
0.86328     0     0
0.86328     0     0
0.86328     0     0
0.86328     0     0
0.86328     0     0
0.86328     0     0
0.86328     0     0
0.79688     0     0
0.79688     0     0
0.79688     0     0
0.79688     0     0
0.99609     0     0
0.99609     0     0
0.99609     0     0
0.99609     0     0];

end

